x,y
1752.34 1252.30
720.64 1203.98
1430.11 384.10
1113.20 1543.32
1535.16 1169.37
875.05 1341.36
984.73 907.84
1596.19 557.35
1161.52 903.00
1691.17 1313.10
1105.78 1345.80
909.78 1163.24
560.77 966.06
936.26 524.10
1324.08 1323.59
1228.90 1120.76
1355.28 1168.64
1553.64 1262.68
1357.26 714.84
1199.36 366.25
1040.87 615.57
1386.04 1177.16
1783.21 1116.98
985.43 1605.58
846.88 793.69
879.63 1170.96
1561.60 1593.92
1525.59 1516.83
1043.09 548.38
1431.05 279.69
1564.96 1688.42
1194.64 768.38
1145.91 1231.67
1465.45 1641.70
