x1,y1,x2,y2,score,class
929.66 517.62 942.86 530.58 0.25 0.00
1193.12 359.65 1205.60 372.84 0.21 0.00
1034.98 609.48 1046.76 621.65 0.20 0.00
1037.37 542.45 1048.81 554.30 0.18 0.00
1038.28 544.61 1049.99 557.84 0.16 0.00
1424.78 378.27 1435.45 389.93 0.37 0.00
1591.64 552.55 1600.75 562.14 0.34 0.00
1425.15 273.38 1436.95 285.99 0.18 0.00
553.91 958.90 567.63 973.22 0.26 0.00
714.76 1197.64 726.51 1210.32 0.38 0.00
978.28 900.96 991.19 914.71 0.34 0.00
1155.27 896.43 1167.77 909.57 0.32 0.00
903.70 1156.96 915.85 1169.52 0.27 0.00
1222.82 1114.61 1234.97 1126.91 0.22 0.00
840.05 786.15 853.70 801.23 0.19 0.00
873.84 1164.89 885.41 1177.03 0.18 0.00
1188.57 762.19 1200.71 774.57 0.17 0.00
1139.90 1225.22 1151.91 1238.13 0.15 0.00
1746.51 1246.27 1758.17 1258.33 0.52 0.00
1529.00 1163.06 1541.32 1175.69 0.36 0.00
1348.93 1161.88 1361.63 1175.39 0.22 0.00
1547.46 1256.28 1559.82 1269.08 0.21 0.00
1351.70 708.90 1362.83 720.78 0.21 0.00
1379.96 1170.74 1392.12 1183.59 0.20 0.00
1777.19 1110.82 1789.22 1123.13 0.20 0.00
1775.68 1111.45 1788.12 1125.08 0.17 0.00
1350.07 706.89 1360.99 718.95 0.15 0.00
1106.90 1537.05 1119.50 1549.58 0.36 0.00
869.32 1334.87 880.79 1347.86 0.35 0.00
1099.95 1339.71 1111.61 1351.90 0.29 0.00
979.36 1599.15 991.51 1612.01 0.20 0.00
1685.41 1307.11 1696.92 1319.09 0.30 0.00
1317.76 1317.16 1330.40 1330.03 0.24 0.00
1555.52 1587.86 1567.68 1599.98 0.18 0.00
1518.94 1510.13 1532.25 1523.52 0.18 0.00
1559.26 1682.77 1570.67 1694.08 0.17 0.00
1459.32 1635.44 1471.59 1647.96 0.15 0.00
